 0.02386475
 0.01879883
 0.01135254
 0.01062012
 0.01934814
 0.02856445
 0.03128052
 0.03030396
 0.03051758
 0.03421021
 0.0401001
 0.04449463
 0.04638672
 0.04678345
 0.04800415
 0.050354
 0.05056763
 0.04864502
 0.0451355
 0.04153442
 0.04043579
 0.04364014
 0.05004883
 0.05477905
 0.05581665
 0.05545044
 0.05636597
 0.05993652
 0.06549072
 0.0696106
 0.07211304
 0.07647705
 0.08282471
 0.09054565
 0.09640503
 0.09841919
 0.09735107
 0.09625244
 0.09866333
 0.1015625
 0.1022949
 0.101593
 0.09811401
 0.09347534
 0.09072876
 0.08956909
 0.08752441
 0.08486938
 0.08078003
 0.07263184
 0.0642395
 0.0592041
 0.05712891
 0.05569458
 0.05163574
 0.04711914
 0.04519653
 0.04629517
 0.05181885
 0.06097412
 0.06838989
 0.07202148
 0.0753479
 0.07980347
 0.08496094
 0.08917236
 0.09100342
 0.09170532
 0.09075928
 0.08932495
 0.08895874
 0.08822632
 0.08651733
 0.08297729
 0.07821655
 0.07318115
 0.07122803
 0.07516479
 0.08026123
 0.08468628
 0.09008789
 0.09481812
 0.0987854
 0.1027832
 0.1060486
 0.1078186
 0.1088257
 0.1089172
 0.1086426
 0.1086426
 0.106842
 0.1031494
 0.09884644
 0.09591675
 0.0947876
 0.09442139
 0.09307861
 0.09106445
 0.08932495
 0.08728027
 0.08615112
 0.08605957
 0.08590698
 0.08618164
 0.08627319
 0.08642578
 0.08679199
 0.0871582
 0.08776855
 0.08807373
 0.08816528
 0.08908081
 0.0914917
 0.09362793
 0.09545898
 0.09967041
 0.1065063
 0.1133423
 0.118988
 0.1230774
 0.1236877
 0.1211243
 0.1178589
 0.1129456
 0.1068726
 0.1022034
 0.09835815
 0.09606934
 0.09527588
 0.09170532
 0.08477783
 0.08111572
 0.08404541
 0.08520508
 0.08270264
 0.08010864
 0.0788269
 0.08178711
 0.08407593
 0.08529663
 0.08499146
 0.07983398
 0.07659912
 0.07644653
 0.07617188
 0.07559204
 0.07327271
 0.06967163
 0.06637573
 0.06762695
 0.07003784
 0.06936646
 0.06881714
 0.07012939
 0.07217407
 0.07385254
 0.07766724
 0.08096313
 0.08016968
 0.0803833
 0.08261108
 0.08511353
 0.08868408
 0.09069824
 0.09234619
 0.09744263
 0.1026611
 0.1068115
 0.1105042
 0.1092529
 0.1061707
 0.1047974
 0.1038818
 0.102417
 0.09979248
 0.09924316
 0.09954834
 0.0958252
 0.08966064
 0.08416748
 0.08004761
 0.08004761
 0.0843811
 0.08746338
 0.08770752
 0.0871582
 0.08435059
 0.08197021
 0.08197021
 0.08261108
 0.08480835
 0.08630371
 0.08486938
 0.08139038
 0.0760498
 0.07223511
 0.07235718
 0.07427979
 0.07577515
 0.07540894
 0.07427979
 0.07571411
 0.07824707
 0.08041382
 0.08206177
 0.08197021
 0.08294678
 0.08636475
 0.08782959
 0.08474731
 0.08032227
 0.07714844
 0.07751465
 0.08068848
 0.08169556
 0.07888794
 0.07183838
 0.06439209
 0.0586853
 0.0567627
 0.05838013
 0.05627441
 0.05252075
 0.0484314
 0.04397583
 0.04202271
 0.03930664
 0.03326416
 0.02612305
 0.02258301
 0.02023315
 0.01541138
 0.01010132
 0.004699707
 -0.0007629395
 -0.005096436
 -0.006195068
 -0.005737305
 -0.007995605
 -0.01202393
 -0.0144043
 -0.01678467
 -0.02059937
 -0.02145386
 -0.01980591
 -0.01885986
 -0.01895142
 -0.02096558
 -0.02206421
 -0.021698
 -0.02297974
 -0.02420044
 -0.02584839
 -0.0284729
 -0.02752686
 -0.02410889
 -0.02297974
 -0.02398682
 -0.02355957
 -0.01925659
 -0.01309204
 -0.007659912
 -0.004455566
 -0.005218506
 -0.008789063
 -0.01193237
 -0.01177979
 -0.006530762
 -0.0002746582
 -0.00201416
 -0.01184082
 -0.02105713
 -0.02615356
 -0.02786255
 -0.02856445
 -0.03152466
 -0.03665161
 -0.04559326
 -0.05233765
 -0.05252075
 -0.05654907
 -0.0663147
 -0.07641602
 -0.08267212
 -0.08004761
 -0.0723877
 -0.06893921
 -0.07357788
 -0.08200073
 -0.08340454
 -0.07601929
 -0.06835938
 -0.06643677
 -0.07226563
 -0.07897949
 -0.07965088
 -0.07974243
 -0.08441162
 -0.0921936
 -0.1001282
 -0.1046448
 -0.1041565
 -0.1032715
 -0.1094055
 -0.1220093
 -0.1332703
 -0.1401978
 -0.1438293
 -0.1437073
 -0.1435547
 -0.1490479
 -0.15625
 -0.1554871
 -0.1465149
 -0.1383057
 -0.1358643
 -0.1355591
 -0.1329651
 -0.1297302
 -0.1279907
 -0.1269226
 -0.1288452
 -0.1335754
 -0.1364441
 -0.1399231
 -0.1495361
 -0.1624146
 -0.17276
 -0.178894
 -0.1838989
 -0.1878967
 -0.1888733
 -0.1904907
 -0.193634
 -0.1946106
 -0.1941223
 -0.1948242
 -0.1957397
 -0.1949463
 -0.1908569
 -0.1827087
 -0.173645
 -0.1673584
 -0.1663818
 -0.1683044
 -0.1681213
 -0.1650696
 -0.1616516
 -0.1610413
 -0.1640625
 -0.169342
 -0.1746826
 -0.1781921
 -0.1784668
 -0.1764526
 -0.1758118
 -0.175415
 -0.1740723
 -0.1737671
 -0.1729736
 -0.1723938
 -0.1718445
 -0.1700134
 -0.1700134
 -0.1693115
 -0.16745
 -0.1671448
 -0.1659851
 -0.1647644
 -0.1658325
 -0.1684875
 -0.1704102
 -0.1686707
 -0.1655884
 -0.1668396
 -0.1698608
 -0.1696472
 -0.1698914
 -0.1698608
 -0.1665955
 -0.1652527
 -0.1672668
 -0.1691284
 -0.1687927
 -0.1662598
 -0.1621704
 -0.157135
 -0.1548157
 -0.1546326
 -0.1524658
 -0.1480103
 -0.1440125
 -0.1431274
 -0.1443787
 -0.143158
 -0.1390381
 -0.1346741
 -0.1311646
 -0.1292419
 -0.1278076
 -0.1251526
 -0.119873
 -0.1121521
 -0.1048279
 -0.0975647
 -0.08929443
 -0.0826416
 -0.07727051
 -0.0723877
 -0.0696106
 -0.06826782
 -0.06723022
 -0.06500244
 -0.06118774
 -0.05593872
 -0.05114746
 -0.04888916
 -0.04644775
 -0.04177856
 -0.03533936
 -0.02786255
 -0.02151489
 -0.01785278
 -0.01412964
 -0.008911133
 -0.005645752
 -0.003601074
 -0.0007324219
 0.003143311
 0.006896973
 0.008453369
 0.009399414
 0.009887695
 0.01010132
 0.0144043
 0.02243042
 0.03005981
 0.03668213
 0.04217529
 0.04653931
 0.05169678
 0.05874634
 0.06698608
 0.07369995
 0.078125
 0.08239746
 0.08703613
 0.09136963
 0.09503174
 0.09616089
 0.09536743
 0.09622192
 0.1002502
 0.1073914
 0.1142273
 0.1186829
 0.122467
 0.1255493
 0.1277466
 0.1297607
 0.1318359
 0.1351013
 0.1370239
 0.1351624
 0.1315918
 0.1289673
 0.1257629
 0.1218567
 0.1179199
 0.1131287
 0.1110229
 0.1130981
 0.1151428
 0.1160889
 0.1162415
 0.1159363
 0.1179504
 0.1217346
 0.1242371
 0.1244812
 0.1233521
 0.122467
 0.121521
 0.1198425
 0.1185608
 0.1168823
 0.1150208
 0.1155396
 0.1169128
 0.1182556
 0.1212158
 0.1249695
 0.1289368
 0.1327209
 0.1346436
 0.1357727
 0.138031
 0.1419983
 0.1478882
 0.1534424